43 1000100111010010101011011010101111001010011
2 11
30 000010110001011111110000010010
17 01000000101110110
40 0011010111100100000100101100001000010100
1 1
57 111000110110001100100111100101000111011001011111010000010
51 110000101101000111001100010100010100001001001011011
36 000010101111001101100110011100100011
60 001100111110001100110011111000011101101110010010001111110110
7 0110001
48 001101110110010111100100100101101010000111110111
16 1001000100100111
62 10101111101001000111001110110110101101001110010110101011100110
55 0111110101010011011111110111000110010010110100010010001
47 01000011100000111100011110010110101011001111111
